initial_positions:
  Link_1: -1.23191791e-05
  Link_2: -8.83577658e-01
  Link_3: -7.01979189e-01
  Link_4: 6.28318531e-06
  Link_5: 3.14159265
  Link_6: 0.0
  Gripper_1: 0.0
  Gripper_2: 0.0
